2268922
15376398
18600032
18085387
25754438
9625448
20423219
25565296
23861700
20045953
19752563
17597500
9288367
8135173
7872241
12230021
1767796
1816728
24648849
24872835
1897491
2270848
2270849
3425568
3245532
19332457
1897492
1897493
1534963
1605131
3425577
1519558
27006676
24981981
26379740
11789192
25262517
26162646
19631346
18637762
25747978
24129965
26927243
25089144
21233583
20378829
26300774
23545807
21122500
20689019
21309420
21724872
26516578
23451764
21186335
26747224
26707752
24348533
25564322
25837933
24595550
24895799
24857966
23275609
21266812
27284001
25634809
27730672
23304226
1627946
25780683
15655286
25049906
23118790
9065635
16314688
24670676
18939414
23164761
25783410
17202675
18570062
23339665
24587934
25259618
18663561
19552596
17250881
20712429
25889685
10374247
19051351
23128098
24250714
2598351
21453317
27631428
8400772
18981582
7799656
16260405
11360485
17449963
17409635
25793006
1340518
19483319
21901498
23818936
20410594
15688689
14992541
27110721
21575105
25331231
21799792
25563794
26703073
23662155
27046953
25445026
21432407
9028479
7978637
9028478
6681501
8057532
7820124
24707311
25346293
15889518
25788964
23833950
9812783
20981317
15620580
12575392
19209930
23983334
15341554
24636045
18239447
15791398
19460386
26547580
23417504
16204938
23883485
26960776
25459756
18057707
18776713
26994819
24476927
15988744
23082896
8328425
17329845
18296738
24390259
23853661
11218729
16644487
17472603
17875029
20647958
19179025
24844765
27558587
25792985
2598363
1453504
1498544
2791162
2060052
18242756
19633031
17541151
25793003
17123761
23213558
21048343
21669429
25298828
17673196
24639885
21253500
21804329
20388146
21738077
20098017
27182114
18955217
25229199
27803912
27107084
2670285
17541150
14719288
24223055
26902927
18222735
16870083
19182382
17030300
24291839
24167975
23964146
25038801
23053427
20721287
24766295
26165077
19861508
21175995
27451879
23756052
26186592
24778703
26064162
19108494
23856127
24631952
23907105
19697049
25559780
25688209
27644563
18439428
20016992
26252950
25540621
19082653
24223626
17668223
24712488
25074732
21846463
26775072
26191003
27273195
26088415
24535455
24684160
24990161
26256745
22081052
24447839
19906817
20534732
26830139
24347053
23583320
23601430
24288687
21129542
26451159
23737606
21129548
20171995
20450445
21540451
21712530
27325300
26833428
23951947
25366479
25324691
23037162
19885029
3228721
7719102
2615407
9866980
18059152
12937613
1967114
2186223
2335963
8889034
12795186
2615406
8437420
8951166
21358120
12639426
19125499
24989804
11877115
11639713
26420530
11624690
17144193
12398073
25429884
27703356
22096851
27493481
25581163
19054142
21988272
19962433
20224363
27774888
24693448
27097321
18849609
21199639
25788966
20091242
27819025
23363846
8728974
23678818
19680738
11860402
24078823
20803480
23838475
25022209
26681968
25732836
23770052
19703376
27497482
24269335
25866544
19138715
24169925
24799947
25156212
25314743
24026738
21083714
21152992
21513784
21691759
27373856
20594286
23055705
19165748
21442303
19079814
19146938
19409210
23948783
24204394
23279145
19913081
21195139
19799980
19801831
20337951
25954314
24923986
19729050
25446602
25551766
19818347
21130853
27042075
25210456
23567442
24129119
21303686
24190599
25456433
23966085
24752617
24305622
20675883
25633336
23378767
23453830
26725433
25857947
26085043
23194148
21639405
26932472
23019892
26495014
10217316
21241764
21234385
19801833
23037167
23983789
23762133
16946521
24501112
25883171
26878477
24652604
22073616
24620820
24473591
27699020
21881253
23207772
23373442
15688691
24278839
17965764
15844319
13957402
27106030
24121454
24812564
6528851
1767797
12723759
16552839
17687217
25379475
24307899
19952054
26542342
25240613
23268961
27416484
7705193
19734172
27419098
26652982
25075049
27843610
24135480
15376392
16355450
23514232
6534333
17015952
19861507
15684475
21299430
21423692
18227914
1816726
7841938
1767793
20232620
6741762
4025217
2520800
26937322
20858178
20346181
24790634
15143761
25579216
24348193
27143961
26495013
25709710
2581427
23326296
9739585
17173109
1519556
23294358
26809298
20085179
2561156
24348705
6425487
22070441
23997796
15555225
4061223
27748836
1498532
1288994
16778362
23258998
24778699
19483419
23745743
20420158
27376063
27055821
1914033
21869903
10675182
2605689
21177084
21514123
26840418
26050729
23812198
18385834
12400418
23878593
24828204
7783463
23680047
23082080
10921160
20723593
1554324
12575172
25178444
17955980
20359726
27186604
23392877
14691073
20016717
20168057
27283695
23397143
25185457
20234107
26519539
25436025
8774209
7944049
11475751
23690848
2060051
23025541
26512754
26928691
27483407
10182548
25275179
21823947
20088130
18278607
12067110
24564187
27261883
25509827
27442741
7412232
11706349
10232805
15469535
15319118
19629809
21549280
12595882
26890318
26891186
26436234
27622843
10384231
15081726
12214345
15473913
15960097
19085167
25178069
23895977
21572632
20207304
26390396
26397198
27056605
26218752
3156953
15133988
16756930
18338299
17311165
19085175
19026231
19452371
23731627
23758277
24435732
24279923
20544577
20058550
26660753
26192955
26442253
26308123
8126396
15995010
23683145
24316501
21050596
20184830
21823948
26436235
26436236
27586114
26998281
23413567
end